2019-12-10 21:32:40,633: Starting psi2log
2019-12-10 21:32:40,633: target: SYSTEM_WIDE
2019-12-10 21:32:40,634: period: 2
2019-12-10 21:32:40,634: log file: /tmp/1
2019-12-10 21:32:40,635: ------------------------------------------------------------------------------------------------------------------
2019-12-10 21:32:40,636:  some cpu pressure   || some memory pressure | full memory pressure ||  some io pressure    |  full io pressure
2019-12-10 21:32:40,636: ---------------------||----------------------|----------------------||----------------------|---------------------
2019-12-10 21:32:40,636:  avg10  avg60 avg300 ||  avg10  avg60 avg300 |  avg10  avg60 avg300 ||  avg10  avg60 avg300 |  avg10  avg60 avg300
2019-12-10 21:32:40,636: ------ ------ ------ || ------ ------ ------ | ------ ------ ------ || ------ ------ ------ | ------ ------ ------
2019-12-10 21:32:40,636:   0.00   0.66   0.71 ||   0.00   9.26  25.52 |   0.00   8.66  23.90 ||   1.31  31.44  60.60 |   1.30  29.91  57.05
2019-12-10 21:32:42,639:   0.00   0.64   0.71 ||   0.00   8.96  25.35 |   0.00   8.38  23.74 ||   2.34  30.64  60.23 |   2.33  29.16  56.71
2019-12-10 21:32:44,642:   0.00   0.62   0.70 ||   0.00   8.66  25.17 |   0.00   8.11  23.57 ||   2.82  29.80  59.85 |   2.63  28.33  56.35
2019-12-10 21:32:46,645:   0.00   0.60   0.70 ||   0.00   8.38  25.00 |   0.00   7.84  23.41 ||   8.11  29.88  59.66 |   7.77  28.42  56.17
2019-12-10 21:32:48,648:   0.00   0.58   0.69 ||   0.00   8.11  24.83 |   0.00   7.58  23.25 ||  18.23  30.99  59.69 |  17.95  29.58  56.23
2019-12-10 21:32:50,651:   0.00   0.56   0.69 ||   0.00   7.84  24.66 |   0.00   7.34  23.09 ||  28.69  32.47  59.80 |  27.56  30.94  56.33
2019-12-10 21:32:52,655:   0.00   0.54   0.68 ||   0.00   7.58  24.49 |   0.00   7.10  22.93 ||  39.26  34.25  59.99 |  37.06  32.54  56.49
2019-12-10 21:32:54,658:   0.00   0.52   0.68 ||   0.00   7.34  24.32 |   0.00   6.86  22.78 ||  45.37  35.52  60.08 |  42.67  33.70  56.57
2019-12-10 21:32:56,660:   0.00   0.50   0.67 ||   0.00   7.10  24.16 |   0.00   6.64  22.62 ||  50.74  36.81  60.18 |  47.25  34.83  56.65
2019-12-10 21:32:58,663:   0.00   0.49   0.67 ||   0.00   6.86  23.99 |   0.00   6.42  22.47 ||  57.85  38.55  60.38 |  53.00  36.27  56.80
2019-12-10 21:33:00,666:   0.00   0.47   0.66 ||   0.00   6.64  23.83 |   0.00   6.21  22.31 ||  63.85  40.27  60.59 |  58.08  37.74  56.97
2019-12-10 21:33:02,669:   0.00   0.45   0.66 ||   0.00   6.42  23.66 |   0.00   6.01  22.16 ||  67.50  41.70  60.75 |  60.42  38.82  57.06
2019-12-10 21:33:04,670:   0.00   0.44   0.65 ||   0.00   6.21  23.50 |   0.00   5.81  22.01 ||  69.77  42.95  60.89 |  62.33  39.88  57.16
2019-12-10 21:33:06,673:   0.00   0.42   0.65 ||   0.00   6.01  23.34 |   0.00   5.62  21.86 ||  73.25  44.46  61.08 |  66.26  41.32  57.34
2019-12-10 21:33:08,674:   0.00   0.41   0.64 ||   0.00   5.81  23.18 |   0.00   5.43  21.71 ||  75.01  45.72  61.23 |  67.48  42.36  57.45
2019-12-10 21:33:10,677:   0.00   0.40   0.64 ||   0.00   5.62  23.02 |   0.00   5.26  21.56 ||  76.10  46.87  61.36 |  67.93  43.26  57.54
2019-12-10 21:33:12,678:   0.00   0.38   0.63 ||   0.00   5.43  22.86 |   0.00   5.08  21.41 ||  76.62  47.92  61.48 |  67.95  44.07  57.61
2019-12-10 21:33:14,681:   0.00   0.37   0.63 ||   0.00   5.26  22.71 |   0.00   4.92  21.26 ||  76.87  48.91  61.60 |  68.14  44.89  57.69
2019-12-10 21:33:16,684:   0.00   0.36   0.63 ||   0.00   5.08  22.55 |   0.00   4.76  21.12 ||  76.53  49.76  61.69 |  67.02  45.45  57.72
2019-12-10 21:33:18,686:   0.00   0.35   0.62 ||   0.00   4.92  22.40 |   0.00   4.60  20.97 ||  75.89  50.52  61.77 |  65.57  45.89  57.72
2019-12-10 21:33:20,689:   0.00   0.33   0.62 ||   0.00   4.76  22.24 |   0.00   4.45  20.83 ||  75.37  51.26  61.84 |  63.11  46.09  57.68
2019-12-10 21:33:22,690:   0.00   0.32   0.61 ||   0.00   4.60  22.09 |   0.00   4.30  20.69 ||  73.12  51.64  61.85 |  60.73  46.22  57.63
2019-12-10 21:33:24,692:   0.54   0.41   0.63 ||   0.00   4.45  21.94 |   0.00   4.16  20.55 ||  72.74  52.27  61.91 |  57.88  46.18  57.55
2019-12-10 21:33:26,694:   0.98   0.50   0.65 ||   0.18   4.34  21.80 |   0.00   4.03  20.41 ||  72.60  52.92  61.98 |  54.28  45.91  57.41
2019-12-10 21:33:28,695:   1.71   0.64   0.68 ||   0.87   4.32  21.67 |   0.18   3.93  20.27 ||  72.67  53.58  62.06 |  51.51  45.68  57.29
2019-12-10 21:33:30,698:   1.58   0.65   0.68 ||   0.71   4.18  21.53 |   0.14   3.80  20.13 ||  73.46  54.34  62.16 |  51.42  45.86  57.24
2019-12-10 21:33:32,701:   1.47   0.67   0.68 ||   1.12   4.14  21.40 |   0.48   3.74  20.01 ||  71.92  54.69  62.18 |  50.98  45.96  57.19
2019-12-10 21:33:34,704:   3.38   1.04   0.76 ||   2.55   4.30  21.31 |   0.75   3.68  19.89 ||  67.23  54.41  62.07 |  45.18  45.08  56.92
2019-12-10 21:33:36,706:   5.48   1.49   0.86 ||   7.88   5.21  21.39 |   3.33   4.05  19.85 ||  67.73  54.92  62.12 |  42.07  44.52  56.73
2019-12-10 21:33:38,709:   5.03   1.54   0.87 ||  12.80   6.18  21.48 |   7.26   4.74  19.89 ||  69.59  55.67  62.23 |  44.41  44.86  56.71
2019-12-10 21:33:40,710:   4.30   1.53   0.87 ||  16.27   7.03  21.55 |   9.93   5.30  19.90 ||  70.21  56.24  62.31 |  45.06  44.96  56.65
2019-12-10 21:33:42,713:   3.52   1.47   0.86 ||  21.30   8.24  21.71 |  14.65   6.31  20.01 ||  70.71  56.79  62.38 |  47.77  45.46  56.68
2019-12-10 21:33:44,716:   2.88   1.43   0.86 ||  25.41   9.41  21.86 |  19.42   7.44  20.16 ||  70.22  57.15  62.42 |  50.16  45.96  56.71
2019-12-10 21:33:46,718:   2.54   1.41   0.86 ||  30.77  10.90  22.09 |  23.33   8.54  20.30 ||  72.71  58.03  62.57 |  52.85  46.59  56.76
2019-12-10 21:33:48,721:   2.08   1.37   0.85 ||  35.70  12.44  22.33 |  27.62   9.80  20.48 ||  75.12  58.95  62.73 |  56.32  47.42  56.87
2019-12-10 21:33:50,722:   1.70   1.32   0.85 ||  41.73  14.29  22.65 |  32.58  11.28  20.72 ||  77.27  59.87  62.89 |  58.62  48.13  56.95
2019-12-10 21:33:52,724:   1.39   1.28   0.84 ||  43.59  15.52  22.85 |  34.28  12.28  20.86 ||  78.85  60.72  63.05 |  60.50  48.81  57.03
2019-12-10 21:33:54,726:   1.14   1.24   0.83 ||  42.94  16.33  22.97 |  33.69  12.89  20.93 ||  80.51  61.61  63.22 |  62.58  49.57  57.14
2019-12-10 21:33:56,728:   0.93   1.19   0.83 ||  40.41  16.74  23.01 |  32.11  13.29  20.96 ||  78.79  61.92  63.28 |  61.75  49.84  57.14
2019-12-10 21:33:58,730:   0.76   1.15   0.82 ||  42.15  17.83  23.20 |  34.27  14.30  21.12 ||  77.74  62.28  63.34 |  62.16  50.31  57.19
2019-12-10 21:34:00,733:   0.62   1.12   0.82 ||  42.66  18.72  23.34 |  34.94  15.07  21.23 ||  77.24  62.70  63.42 |  62.31  50.72  57.23
2019-12-10 21:34:02,736:   0.51   1.08   0.81 ||  45.99  20.10  23.60 |  38.76  16.41  21.47 ||  77.19  63.17  63.52 |  64.06  51.42  57.33
2019-12-10 21:34:04,738:   0.41   1.04   0.81 ||  43.27  20.46  23.65 |  36.62  16.76  21.51 ||  77.16  63.62  63.61 |  65.14  52.03  57.42
2019-12-10 21:34:06,741:   0.34   1.01   0.80 ||  42.13  21.00  23.74 |  36.15  17.32  21.60 ||  79.48  64.48  63.79 |  68.37  53.04  57.59
2019-12-10 21:34:08,744:   0.28   0.98   0.79 ||  41.02  21.49  23.83 |  35.76  17.87  21.68 ||  77.40  64.60  63.82 |  67.04  53.30  57.62
2019-12-10 21:34:10,746:   0.22   0.94   0.79 ||  39.75  21.90  23.90 |  34.89  18.30  21.75 ||  75.34  64.64  63.83 |  66.12  53.58  57.65
2019-12-10 21:34:12,747:   0.18   0.91   0.78 ||  42.69  23.01  24.12 |  37.63  19.33  21.94 ||  75.45  65.02  63.92 |  66.46  54.06  57.72
2019-12-10 21:34:14,750:   0.15   0.88   0.78 ||  41.84  23.50  24.21 |  36.79  19.78  22.01 ||  73.92  65.08  63.94 |  65.11  54.22  57.73
2019-12-10 21:34:16,753:   0.12   0.85   0.77 ||  42.96  24.31  24.38 |  37.19  20.41  22.13 ||  73.94  65.37  64.01 |  64.36  54.44  57.75
2019-12-10 21:34:18,754:   0.10   0.82   0.77 ||  39.70  24.33  24.38 |  34.44  20.46  22.13 ||  69.06  64.77  63.89 |  60.31  54.03  57.64
2019-12-10 21:34:20,757:   0.08   0.80   0.76 ||  34.14  23.83  24.27 |  29.47  20.02  22.03 ||  62.52  63.73  63.68 |  53.91  53.08  57.42
2019-12-10 21:34:22,760:   0.06   0.77   0.75 ||  28.68  23.18  24.14 |  24.67  19.46  21.90 ||  54.27  62.20  63.36 |  46.14  51.71  57.10
2019-12-10 21:34:24,763:   0.05   0.75   0.75 ||  23.66  22.45  23.98 |  20.20  18.83  21.75 ||  46.07  60.46  62.99 |  39.23  50.28  56.76
2019-12-10 21:34:26,766:   0.04   0.72   0.74 ||  19.74  21.78  23.83 |  16.72  18.24  21.60 ||  38.27  58.58  62.58 |  32.66  48.73  56.40
2019-12-10 21:34:28,768:   0.03   0.70   0.74 ||  16.16  21.07  23.66 |  13.69  17.65  21.46 ||  32.24  56.83  62.18 |  27.47  47.27  56.04
2019-12-10 21:34:30,770:   0.03   0.67   0.73 ||  13.23  20.38  23.50 |  11.21  17.07  21.31 ||  26.40  54.97  61.76 |  22.49  45.72  55.65
2019-12-10 21:34:32,773:   0.02   0.65   0.73 ||  10.83  19.71  23.34 |   9.18  16.51  21.16 ||  21.98  53.23  61.35 |  18.78  44.29  55.29
2019-12-10 21:34:34,774:   0.20   0.66   0.73 ||   8.87  19.07  23.18 |   7.51  15.97  21.02 ||  18.18  51.53  60.94 |  15.56  42.87  54.92
2019-12-10 21:34:36,776:   0.16   0.64   0.72 ||   7.26  18.44  23.02 |   6.15  15.45  20.87 ||  14.88  49.84  60.52 |  12.74  41.47  54.54
2019-12-10 21:34:38,778:   0.13   0.62   0.72 ||   5.95  17.84  22.87 |   5.04  14.94  20.73 ||  12.91  48.34  60.13 |  11.15  40.24  54.19
2019-12-10 21:34:40,781:   0.10   0.60   0.71 ||   4.87  17.26  22.71 |   4.12  14.45  20.59 ||  10.57  46.76  59.72 |   9.13  38.93  53.82
2019-12-10 21:34:42,782:   0.08   0.58   0.71 ||   3.98  16.69  22.55 |   3.37  13.98  20.45 ||   8.65  45.23  59.31 |   7.48  37.65  53.46
2019-12-10 21:34:44,785:   0.07   0.56   0.70 ||   3.26  16.14  22.40 |   2.76  13.52  20.31 ||   8.35  43.98  58.95 |   7.21  36.62  53.13
2019-12-10 21:34:46,786:   0.05   0.54   0.70 ||   2.67  15.62  22.25 |   2.26  13.08  20.17 ||   6.84  42.54  58.55 |   5.90  35.42  52.77
2019-12-10 21:34:48,788:   0.04   0.52   0.69 ||   2.18  15.10  22.09 |   1.85  12.65  20.03 ||   5.60  41.14  58.15 |   4.83  34.26  52.41
2019-12-10 21:34:50,790:   0.03   0.50   0.69 ||   1.79  14.61  21.94 |   1.51  12.23  19.89 ||   5.13  39.90  57.77 |   4.32  33.20  52.06
2019-12-10 21:34:52,793:   0.03   0.49   0.68 ||   1.46  14.13  21.79 |   1.24  11.83  19.76 ||   4.20  38.59  57.38 |   3.53  32.12  51.71
2019-12-10 21:34:54,794:   0.02   0.47   0.68 ||   1.20  13.67  21.64 |   1.01  11.45  19.62 ||   3.44  37.33  56.99 |   2.89  31.06  51.35
2019-12-10 21:34:56,797:   0.02   0.46   0.67 ||   0.98  13.22  21.49 |   0.83  11.07  19.49 ||   3.17  36.17  56.61 |   2.73  30.11  51.02
2019-12-10 21:34:58,798:   0.01   0.44   0.67 ||   0.80  12.79  21.35 |   0.68  10.71  19.35 ||   2.60  34.99  56.22 |   2.23  29.13  50.67
2019-12-10 21:35:00,799:   0.01   0.43   0.66 ||   0.65  12.37  21.20 |   0.55  10.36  19.22 ||   2.13  33.84  55.84 |   1.83  28.18  50.32
2019-12-10 21:35:02,802:   0.19   0.44   0.67 ||   0.53  11.96  21.06 |   0.45  10.02  19.09 ||   1.74  32.74  55.46 |   1.50  27.25  49.97
2019-12-10 21:35:04,805:   0.15   0.43   0.66 ||   0.44  11.57  20.91 |   0.37   9.69  18.96 ||   1.42  31.66  55.08 |   1.22  26.36  49.63
2019-12-10 21:35:06,806:   0.12   0.41   0.66 ||   0.36  11.19  20.77 |   0.30   9.37  18.83 ||   1.16  30.63  54.70 |   1.00  25.50  49.29
2019-12-10 21:35:08,809:   0.10   0.40   0.65 ||   0.29  10.83  20.63 |   0.25   9.07  18.70 ||   0.95  29.63  54.33 |   0.82  24.66  48.96
2019-12-10 21:35:10,812:   0.08   0.39   0.65 ||   0.24  10.47  20.49 |   0.20   8.77  18.57 ||   0.78  28.66  53.95 |   0.67  23.86  48.62
2019-12-10 21:35:12,814:   0.25   0.41   0.65 ||   0.19  10.13  20.35 |   0.16   8.48  18.44 ||   0.64  27.72  53.59 |   0.55  23.08  48.29
2019-12-10 21:35:14,816:   0.20   0.39   0.64 ||   0.16   9.80  20.21 |   0.13   8.20  18.32 ||   0.52  26.81  53.22 |   0.45  22.32  47.96
2019-12-10 21:35:16,818:   0.16   0.38   0.64 ||   0.13   9.48  20.07 |   0.11   7.93  18.19 ||   0.42  25.93  52.85 |   0.36  21.59  47.63
2019-12-10 21:35:18,820:   0.13   0.37   0.64 ||   0.10   9.17  19.93 |   0.09   7.68  18.07 ||   0.35  25.08  52.49 |   0.30  20.88  47.30
2019-12-10 21:35:20,822:   0.11   0.36   0.63 ||   0.08   8.87  19.79 |   0.07   7.42  17.94 ||   0.28  24.26  52.13 |   0.24  20.20  46.98
2019-12-10 21:35:22,824:   0.09   0.34   0.63 ||   0.07   8.58  19.66 |   0.06   7.18  17.82 ||   0.23  23.47  51.78 |   0.20  19.54  46.66
2019-12-10 21:35:24,826:   0.07   0.33   0.62 ||   0.05   8.29  19.52 |   0.04   6.95  17.70 ||   0.37  22.73  51.43 |   0.34  18.93  46.35
2019-12-10 21:35:26,828:   0.06   0.32   0.62 ||   0.04   8.02  19.39 |   0.04   6.72  17.58 ||   0.30  21.99  51.08 |   0.28  18.31  46.03
2019-12-10 21:35:28,830:   0.04   0.31   0.61 ||   0.03   7.76  19.26 |   0.03   6.50  17.46 ||   0.25  21.27  50.73 |   0.23  17.71  45.72
2019-12-10 21:35:30,833:   0.04   0.30   0.61 ||   0.21   7.54  19.13 |   0.20   6.32  17.34 ||   0.93  20.70  50.41 |   0.73  17.23  45.42
2019-12-10 21:35:32,834:   0.03   0.29   0.60 ||   6.69   8.47  19.25 |   5.78   7.12  17.44 ||  10.54  21.79  50.43 |   9.11  18.20  45.43
2019-12-10 21:35:34,835:   0.02   0.28   0.60 ||   9.10   8.85  19.25 |   7.81   7.45  17.43 ||  15.88  22.39  50.36 |  13.80  18.75  45.36
2019-12-10 21:35:36,837:   0.02   0.27   0.60 ||   8.90   8.82  19.18 |   7.66   7.43  17.36 ||  17.35  22.44  50.18 |  14.92  18.79  45.19
2019-12-10 21:35:38,838:   0.01   0.26   0.59 ||   7.47   8.56  19.05 |   6.46   7.22  17.25 ||  14.57  21.77  49.85 |  12.58  18.25  44.89
2019-12-10 21:35:40,841:   0.01   0.25   0.59 ||   7.56   8.54  18.97 |   6.55   7.21  17.18 ||  14.64  21.55  49.61 |  12.66  18.07  44.67
2019-12-10 21:35:42,842:   0.01   0.24   0.58 ||   6.19   8.26  18.85 |   5.37   6.98  17.06 ||  12.71  20.98  49.30 |  10.91  17.58  44.39
2019-12-10 21:35:44,844:   0.00   0.23   0.58 ||   5.07   7.99  18.72 |   4.39   6.75  16.95 ||  10.77  20.36  48.98 |   9.29  17.07  44.10
2019-12-10 21:35:46,846:   0.00   0.23   0.57 ||   4.15   7.73  18.59 |   3.60   6.53  16.83 ||   9.00  19.72  48.65 |   7.79  16.54  43.80
2019-12-10 21:35:48,848:   0.00   0.22   0.57 ||   3.40   7.48  18.46 |   2.94   6.31  16.71 ||   7.37  19.08  48.32 |   6.38  16.00  43.50
2019-12-10 21:35:50,849:   0.00   0.21   0.56 ||  10.93   8.71  18.64 |  10.02   7.48  16.89 ||  14.19  19.92  48.29 |  12.83  16.85  43.49
2019-12-10 21:35:52,852:   0.00   0.20   0.56 ||  13.66   9.27  18.69 |  12.37   7.99  16.93 ||  18.50  20.52  48.22 |  16.66  17.41  43.43
2019-12-10 21:35:54,854:   0.00   0.20   0.56 ||  12.45   9.20  18.61 |  11.21   7.92  16.85 ||  18.41  20.43  48.02 |  16.18  17.30  43.23
2019-12-10 21:35:56,856:   0.00   0.19   0.55 ||  10.56   8.96  18.50 |   9.54   7.73  16.75 ||  15.62  19.86  47.71 |  13.79  16.83  42.95
2019-12-10 21:35:58,859:   0.00   0.18   0.55 ||   8.83   8.70  18.38 |   7.99   7.51  16.64 ||  13.15  19.28  47.39 |  11.47  16.31  42.66
2019-12-10 21:36:00,862:   0.00   0.18   0.55 ||   7.77   8.51  18.27 |   7.09   7.36  16.55 ||  14.39  19.30  47.21 |  12.84  16.40  42.50
2019-12-10 21:36:02,864:   0.00   0.17   0.54 ||   6.54   8.27  18.15 |   5.98   7.15  16.44 ||  12.69  18.83  46.92 |  11.23  16.00  42.24
2019-12-10 21:36:04,866:   0.00   0.16   0.54 ||   5.36   8.00  18.03 |   4.90   6.92  16.33 ||  10.39  18.22  46.60 |   9.20  15.47  41.95
2019-12-10 21:36:06,868:   0.00   0.16   0.53 ||   4.75   7.80  17.92 |   4.37   6.76  16.23 ||   9.23  17.75  46.31 |   8.07  15.06  41.68
2019-12-10 21:36:08,870:   0.00   0.15   0.53 ||   4.07   7.58  17.80 |   3.76   6.57  16.13 ||   8.10  17.27  46.01 |   7.15  14.67  41.42
2019-12-10 21:36:10,875:   0.00   0.15   0.53 ||   3.87   7.43  17.70 |   3.44   6.42  16.03 ||   7.36  16.83  45.72 |   6.40  14.29  41.16
2019-12-10 21:36:12,878:   0.00   0.14   0.52 ||   7.52   7.97  17.75 |   6.44   6.86  16.06 ||  10.55  17.10  45.58 |   9.04  14.51  41.02
2019-12-10 21:36:14,880:   0.00   0.14   0.52 ||  13.76   9.08  17.91 |  12.16   7.88  16.21 ||  17.15  18.08  45.59 |  15.19  15.44  41.03
2019-12-10 21:36:16,882:   0.00   0.13   0.51 ||  13.44   9.18  17.87 |  11.76   7.95  16.17 ||  17.31  18.08  45.40 |  15.34  15.46  40.86
2019-12-10 21:36:18,885:   0.00   0.13   0.51 ||  15.35   9.66  17.91 |  13.26   8.34  16.19 ||  20.51  18.63  45.33 |  18.00  15.93  40.79
2019-12-10 21:36:20,886:   0.00   0.12   0.51 ||  20.72  10.82  18.10 |  18.28   9.41  16.36 ||  29.29  20.28  45.49 |  26.33  17.51  40.94
2019-12-10 21:36:22,888:   0.00   0.12   0.50 ||  21.86  11.35  18.16 |  18.95   9.82  16.40 ||  32.68  21.18  45.51 |  28.99  18.27  40.94
2019-12-10 21:36:24,890:   0.00   0.11   0.50 ||  26.41  12.52  18.36 |  22.22  10.71  16.54 ||  40.53  22.98  45.72 |  34.06  19.54  41.05
2019-12-10 21:36:26,893:   0.00   0.11   0.49 ||  30.32  13.68  18.56 |  25.99  11.77  16.72 ||  48.22  24.94  45.97 |  40.75  21.22  41.26
2019-12-10 21:36:28,894:   0.00   0.11   0.49 ||  34.79  15.03  18.81 |  30.70  13.09  16.96 ||  55.25  26.97  46.25 |  48.22  23.21  41.54
2019-12-10 21:36:30,897:   0.00   0.10   0.49 ||  42.62  17.09  19.21 |  37.27  14.85  17.31 ||  61.18  28.97  46.54 |  53.07  24.91  41.77
2019-12-10 21:36:32,898:   0.00   0.10   0.48 ||  50.84  19.41  19.68 |  45.01  16.98  17.74 ||  67.49  31.16  46.88 |  59.40  26.97  42.08
2019-12-10 21:36:34,901:   0.00   0.10   0.48 ||  47.61  19.85  19.78 |  41.75  17.31  17.80 ||  72.65  33.28  47.21 |  63.67  28.80  42.36
2019-12-10 21:36:36,903:   0.00   0.09   0.48 ||  43.15  19.96  19.80 |  37.81  17.40  17.81 ||  76.15  35.20  47.52 |  66.27  30.41  42.61
2019-12-10 21:36:38,906:   0.00   0.09   0.47 ||  47.83  21.56  20.14 |  42.55  18.92  18.13 ||  77.76  36.83  47.78 |  68.57  32.00  42.86
2019-12-10 21:36:40,909:   0.00   0.08   0.47 ||  48.04  22.46  20.33 |  43.54  19.87  18.33 ||  81.60  38.87  48.13 |  73.36  34.06  43.21
2019-12-10 21:36:42,911:   0.00   0.08   0.47 ||  45.32  22.80  20.42 |  41.27  20.24  18.42 ||  83.12  40.54  48.41 |  73.66  35.40  43.43
2019-12-10 21:36:44,913:   0.00   0.08   0.46 ||  45.80  23.63  20.61 |  41.40  20.95  18.58 ||  84.91  42.26  48.72 |  74.62  36.83  43.67
2019-12-10 21:36:46,914:   0.00   0.08   0.46 ||  45.11  24.23  20.76 |  41.14  21.57  18.73 ||  85.11  43.69  48.97 |  75.24  38.18  43.91
2019-12-10 21:36:48,916:   0.00   0.07   0.46 ||  48.35  25.50  21.04 |  44.20  22.76  19.00 ||  86.72  45.33  49.28 |  75.55  39.45  44.13
2019-12-10 21:36:50,918:   0.00   0.07   0.45 ||  49.37  26.43  21.27 |  45.25  23.66  19.21 ||  86.95  46.73  49.55 |  76.72  40.84  44.39
2019-12-10 21:36:52,920:   0.00   0.07   0.45 ||  50.39  27.36  21.50 |  46.47  24.58  19.43 ||  88.05  48.24  49.84 |  78.58  42.35  44.69
2019-12-10 21:36:54,922:   0.00   0.06   0.45 ||  50.14  28.07  21.69 |  46.38  25.28  19.62 ||  89.49  49.81  50.16 |  80.65  43.91  45.00
2019-12-10 21:36:56,924:   0.00   0.06   0.44 ||  51.02  28.95  21.92 |  47.40  26.16  19.84 ||  90.85  51.35  50.48 |  81.98  45.35  45.29
2019-12-10 21:36:58,927:   0.00   0.06   0.44 ||  54.82  30.36  22.26 |  50.59  27.43  20.15 ||  91.60  52.78  50.78 |  82.53  46.65  45.56
2019-12-10 21:37:00,930:   0.00   0.06   0.44 ||  54.49  31.10  22.47 |  50.48  28.17  20.35 ||  92.94  54.29  51.11 |  83.70  48.03  45.86
2019-12-10 21:37:02,933:   0.00   0.05   0.43 ||  53.31  31.65  22.64 |  48.76  28.59  20.49 ||  94.04  55.75  51.44 |  85.02  49.44  46.17
2019-12-10 21:37:04,934:   0.00   0.05   0.43 ||  52.17  32.16  22.81 |  48.26  29.16  20.67 ||  94.93  57.17  51.77 |  87.19  51.00  46.51
2019-12-10 21:37:06,937:   0.00   0.05   0.43 ||  50.14  32.45  22.94 |  46.76  29.51  20.80 ||  95.67  58.54  52.09 |  88.97  52.50  46.86
2019-12-10 21:37:08,940:   0.00   0.05   0.42 ||  50.66  33.12  23.14 |  47.71  30.25  21.01 ||  96.27  59.86  52.41 |  90.24  53.92  47.20
2019-12-10 21:37:10,942:   0.00   0.05   0.42 ||  50.72  33.70  23.33 |  48.12  30.89  21.21 ||  96.77  61.14  52.73 |  91.28  55.30  47.53
2019-12-10 21:37:12,945:   0.00   0.04   0.42 ||  48.42  33.84  23.43 |  46.11  31.09  21.32 ||  97.17  62.38  53.05 |  91.96  56.60  47.85
2019-12-10 21:37:14,948:   0.00   0.04   0.41 ||  54.32  35.39  23.83 |  52.07  32.66  21.71 ||  96.96  63.48  53.34 |  91.96  57.76  48.16
2019-12-10 21:37:16,950:   0.00   0.04   0.41 ||  55.17  36.16  24.07 |  52.96  33.46  21.95 ||  95.15  64.25  53.57 |  90.16  58.55  48.39
2019-12-10 21:37:18,953:   0.00   0.04   0.41 ||  45.35  35.01  23.91 |  43.55  32.40  21.81 ||  92.95  64.86  53.77 |  88.50  59.29  48.61
